$ python3 RecognizingDigits.py

Number of asynchronous updates: 480
Recognized digit: 3
[[-1 -1  1  1  1  1  1  1 -1 -1]
 [-1 -1  1  1  1  1  1  1  1 -1]
 [-1 -1 -1 -1 -1 -1  1  1  1 -1]
 [-1 -1 -1 -1 -1 -1  1  1  1 -1]
 [-1 -1 -1 -1 -1 -1  1  1  1 -1]
 [-1 -1 -1 -1 -1 -1  1  1  1 -1]
 [-1 -1 -1 -1 -1 -1  1  1  1 -1]
 [-1 -1  1  1  1  1  1  1 -1 -1]
 [-1 -1  1  1  1  1  1  1 -1 -1]
 [-1 -1 -1 -1 -1 -1  1  1  1 -1]
 [-1 -1 -1 -1 -1 -1  1  1  1 -1]
 [-1 -1 -1 -1 -1 -1  1  1  1 -1]
 [-1 -1 -1 -1 -1 -1  1  1  1 -1]
 [-1 -1 -1 -1 -1 -1  1  1  1 -1]
 [-1 -1  1  1  1  1  1  1  1 -1]
 [-1 -1  1  1  1  1  1  1 -1 -1]]

Number of asynchronous updates: 320
Recognized digit: 1
[[-1 -1 -1  1  1  1  1 -1 -1 -1]
 [-1 -1 -1  1  1  1  1 -1 -1 -1]
 [-1 -1 -1  1  1  1  1 -1 -1 -1]
 [-1 -1 -1  1  1  1  1 -1 -1 -1]
 [-1 -1 -1  1  1  1  1 -1 -1 -1]
 [-1 -1 -1  1  1  1  1 -1 -1 -1]
 [-1 -1 -1  1  1  1  1 -1 -1 -1]
 [-1 -1 -1  1  1  1  1 -1 -1 -1]
 [-1 -1 -1  1  1  1  1 -1 -1 -1]
 [-1 -1 -1  1  1  1  1 -1 -1 -1]
 [-1 -1 -1  1  1  1  1 -1 -1 -1]
 [-1 -1 -1  1  1  1  1 -1 -1 -1]
 [-1 -1 -1  1  1  1  1 -1 -1 -1]
 [-1 -1 -1  1  1  1  1 -1 -1 -1]
 [-1 -1 -1  1  1  1  1 -1 -1 -1]
 [-1 -1 -1  1  1  1  1 -1 -1 -1]]

Number of asynchronous updates: 320
Recognized digit: Inverted 2
[[-1 -1 -1 -1 -1 -1 -1 -1  1  1]
 [-1 -1 -1 -1 -1 -1 -1 -1  1  1]
 [ 1  1  1  1  1 -1 -1 -1  1  1]
 [ 1  1  1  1  1 -1 -1 -1  1  1]
 [ 1  1  1  1  1 -1 -1 -1  1  1]
 [ 1  1  1  1  1 -1 -1 -1  1  1]
 [ 1  1  1  1  1 -1 -1 -1  1  1]
 [-1 -1 -1 -1 -1 -1 -1 -1  1  1]
 [-1 -1 -1 -1 -1 -1 -1 -1  1  1]
 [-1 -1 -1  1  1  1  1  1  1  1]
 [-1 -1 -1  1  1  1  1  1  1  1]
 [-1 -1 -1  1  1  1  1  1  1  1]
 [-1 -1 -1  1  1  1  1  1  1  1]
 [-1 -1 -1  1  1  1  1  1  1  1]
 [-1 -1 -1 -1 -1 -1 -1 -1  1  1]
 [-1 -1 -1 -1 -1 -1 -1 -1  1  1]]

